222
4
2

2
1
6


1
0
1
-12
1
10362
0
0
0
1
100
0
0
26
1024
20000
23198
256
2048
512
12055
32604
32441
28000
1024


1
0
1
-9
1
10362
0
0
0
1
100
0
0
26
1024
20000
23198
256
2048
512
12055
32604
32441
28000
1024


1
0
1
-6
1
10362
0
0
0
1
300
0
0
26
1024
20000
23198
256
2048
512
12055
32604
32441
28000
1024


1
0
1
-3
1
10362
0
0
0
1
300
0
0
26
1024
20000
23198
256
2048
512
12055
32604
32441
28000
1024


1
0
1
0
1
10362
0
0
0
1
300
0
0
26
1024
20000
23198
256
2048
512
12055
32604
32441
28000
1024


1
0
1
3
1
10362
0
0
0
1
375
0
0
26
1024
20000
23198
256
2048
512
12055
32604
32441
28000
1024


1
32
3
0
0
-5
7
-1
-2
-6
19
-17
-5
9
63
-222
393
3722
394
-222
64
8
-4
-17
19
-5
-3
-1
7
-6
0
1
2
-4
0
0
0
0
0
0
0
0
0
0
0
0
0
0
0
0
0
0
0
0
0
0
0
0
0
0
0
0
0
0
0
0
